MAE: 0.000682851
MSE: 8.2225614e-07
Relative error (%): 84.07561182975769