MAE: 0.00079778983
MSE: 1.0852395e-06
Relative error (%): 96.58970832824707