MAE: 0.0006594915
MSE: 8.9019284e-07
Relative error (%): 87.47148513793945